0 0.01796875 0.2265625 0.0359375 0.428125
0 0.09609375 0.2171875 0.0703125 0.434375
0 0.19375 0.22734375 0.071875 0.4546875
0 0.30625 0.22109375 0.08125 0.440625
0 0.40546875 0.23046875 0.065625 0.4609375
0 0.50390625 0.22734375 0.08125 0.4546875
0 0.6109375 0.240625 0.090625 0.48125
0 0.71328125 0.23359375 0.0765625 0.4671875
0 0.82109375 0.2359375 0.065625 0.4578125
0 0.9265625 0.23671875 0.065625 0.4734375
0 0.0203125 0.740625 0.040625 0.4671875
0 0.10546875 0.75078125 0.0609375 0.4578125
0 0.2046875 0.753125 0.065625 0.4578125
0 0.3140625 0.75703125 0.053125 0.4625
0 0.4203125 0.76484375 0.053125 0.4625
0 0.51640625 0.7484375 0.0765625 0.4875
0 0.6234375 0.74609375 0.0640625 0.4671875
0 0.7296875 0.7453125 0.0859375 0.4609375
0 0.83046875 0.74375 0.08125 0.459375
0 0.92890625 0.759375 0.046875 0.48125
