0 0.07265625 0.25546875 0.0921875 0.4046875
0 0.17421875 0.2390625 0.075 0.4359375
0 0.2640625 0.25 0.078125 0.4515625
0 0.37265625 0.246875 0.084375 0.4296875
0 0.465625 0.24765625 0.071875 0.475
0 0.5578125 0.2453125 0.08125 0.4703125
0 0.66015625 0.2609375 0.0953125 0.4890625
0 0.75546875 0.2625 0.0796875 0.4671875
0 0.85546875 0.2765625 0.06875 0.43125
0 0.9578125 0.27265625 0.06875 0.46875
0 0.075 0.74140625 0.078125 0.4375
0 0.17109375 0.7484375 0.065625 0.43125
0 0.26484375 0.7515625 0.0703125 0.43125
0 0.36796875 0.75703125 0.0578125 0.434375
0 0.46796875 0.765625 0.0578125 0.4359375
0 0.55859375 0.75234375 0.08125 0.4578125
0 0.66015625 0.75234375 0.0671875 0.440625
0 0.76015625 0.753125 0.0890625 0.434375
0 0.85546875 0.75390625 0.084375 0.43125
0 0.94921875 0.77265625 0.0546875 0.4546875
