0 0.0703125 0.26171875 0.0828125 0.3921875
0 0.16875 0.24296875 0.065625 0.421875
0 0.25546875 0.25234375 0.06796875 0.43671875
0 0.3609375 0.2484375 0.075 0.415625
0 0.4515625 0.246875 0.06171875 0.459375
0 0.54140625 0.24296875 0.071875 0.45546875
0 0.6421875 0.25625 0.084375 0.47421875
0 0.734375 0.25625 0.06953125 0.45234375
0 0.83203125 0.26796875 0.06015625 0.4171875
0 0.93203125 0.2625 0.05859375 0.453125
0 0.08046875 0.73203125 0.06953125 0.42421875
0 0.17421875 0.7375 0.05625 0.4171875
0 0.265625 0.7390625 0.0609375 0.4171875
0 0.36640625 0.74296875 0.04921875 0.4203125
0 0.46328125 0.75 0.04921875 0.421875
0 0.5515625 0.73515625 0.0703125 0.44375
0 0.65 0.7328125 0.05859375 0.42578125
0 0.74765625 0.73203125 0.07890625 0.4203125
0 0.840625 0.73125 0.075 0.41796875
0 0.9328125 0.75 0.04609375 0.44375
